[CONFIG]
bmp:
fonte.bmp
pal:
0 200 400 800
tipo:
tile-based
sz:
8 8
wh:
0 8
offw:
0
charspace:
1
pixdata-h:
8
auto-width
[DATA]
<SP>
0 0 4
:
12 0 3
0
0 0 5
1
1 0 5
2
2 0 5
3
3 0 5
4
4 0 5
5
5 0 5
6
6 0 5
7
7 0 5
8
8 0 4
9
9 0 5
'
11 4 2
-
12 4 4
A
1 0 5
B
2 0 5
C
3 0 5
D
4 0 5
E
5 0 5
F
6 0 5
G
7 0 5
H
8 0 5
I
9 0 4
J
10 0 5
K
11 0 5
L
12 0 4
M
13 0 6
N
14 0 5
O
15 0 5
P
0 1 5
Q
1 1 6
R
2 1 5
S
3 1 5
T
4 1 5
U
5 1 5
V
6 1 5
W
7 1 6
X
8 1 5
Y
9 1 6
Z
10 1 5
!
11 1 5
.
12 1 5
,
13 1 5
(
14 1 5
)
15 1 5
a
1 2 5
b
2 2 5
c
3 2 5
d
4 2 5
e
5 2 5
f
6 2 4
g
7 2 5
h
8 2 5
i
9 2 2
j
10 2 4
k
11 2 5
l
12 2 2
m
13 2 6
n
14 2 5
o
15 2 5
p
0 4 5
q
1 4 5
r
2 4 4
s
3 4 5
t
4 4 4
u
5 4 5
v
6 4 5
w
7 4 6
x
8 4 5
y
9 4 5
z
10 4 5
à
0 5 5
á
1 5 5
â
2 5 5
ã
3 5 5
é
4 5 5
ê
5 5 5
í
6 5 4
ó
7 5 5
ô
8 5 5
õ
9 5 5
ú
10 5 5 
ç
11 5 5
À
0 2 5 10
Á
1 2 5 10
Â
2 2 5 10
Ã
3 2 5 10
É
6 2 5 10
Ê
7 2 5 10
Í
8 2 4 10
Ó
9 2 5 10
Ô
10 2 5 10
Õ
11 2 5 10
Ú
12 2 5 10
Ç
4 2 5 10