[CONFIG]
bmp:
fonte.bmp
tipo:
tile-based
sz:
8 8
wh:
0 16
offw:
0
charspace:
1
pixdata-h:
16
auto-width
[DATA]
<SP>
0 3 4
:
12 0 3
0
0 0 5
1
1 0 5
2
2 0 5
3
3 0 5
4
4 0 5
5
5 0 5
6
6 0 5
7
7 0 5
8
8 0 4
9
9 0 5
!
11 5 5
.
12 5 5
,
13 5 5
(
14 5 5
)
15 5 5
'
11 4 2
-
0 7 4
A
1 3 5
B
2 3 5
C
3 3 5
D
4 3 5
E
5 3 5
F
6 3 5
G
7 3 5
H
8 3 5
I
9 3 4
J
10 3 5
K
11 3 5
L
12 3 4
M
13 3 6
N
14 3 5
O
15 3 5
P
0 5 5
Q
1 5 6
R
2 5 5
S
3 5 5
T
4 5 5
U
5 5 5
V
6 5 5
W
7 5 6
X
8 5 5
Y
9 5 6
Z
10 5 5
a
1 7 5
b
2 7 5
c
3 7 5
d
4 7 5
e
5 7 5
f
6 7 4
g
7 7 5
h
8 7 5
i
9 7 2
j
10 7 4
k
11 7 5
l
12 7 2
m
13 7 6
n
14 7 5
o
15 7 5
p
0 9 5
q
1 9 5
r
2 9 4
s
3 9 5
t
4 9 4
u
5 9 5
v
6 9 5
w
7 9 6
x
8 9 5
y
9 9 5
z
10 9 5
_
11 9 5
à
0 5 5
á
1 5 5
â
2 5 5
ã
3 5 5
é
4 5 5
ê
5 5 5
í
6 5 4
ó
7 5 5
ô
8 5 5
õ
9 5 5
ú
10 5 5 
ç
11 5 5
À
0 11 5 10
Á
1 11 5 10
Â
2 11 5 10
Ã
3 11 5 10
É
6 11 5 10
Ê
7 11 5 10
Í
8 11 4 10
Ó
9 11 5 10
Ô
10 11 5 10
Õ
11 11 5 10
Ú
12 11 5 10
Ç
4 11 5 10